387 91 76 180 0.95 4 1
387 91 76 180 0.95 4 1
387 91 76 180 0.95 4 1
387 91 76 180 0.95 4 1
387 91 76 180 0.95 4 1
387 91 76 180 0.95 4 1
388 93 72 177 0.95 4 1
388 93 72 177 0.95 4 1
388 93 72 177 0.95 4 1
388 93 72 177 0.95 4 1
388 93 72 177 0.95 4 1
388 93 72 177 0.95 4 1
386 92 75 177 0.95 4 1
386 92 75 177 0.95 4 1
386 92 75 177 0.95 4 1
386 92 75 177 0.95 4 1
386 92 75 177 0.95 4 1
386 92 75 177 0.95 4 1
384 90 71 183 0.95 4 1
384 90 71 183 0.95 4 1
384 90 71 183 0.95 4 1
384 90 71 183 0.95 4 1
384 90 71 183 0.95 4 1
384 90 71 183 0.95 4 1
384 93 76 182 0.95 4 1
384 93 76 182 0.95 4 1
384 93 76 182 0.95 4 1
384 93 76 182 0.95 4 1
384 93 76 182 0.95 4 1
384 93 76 182 0.95 4 1
378 91 74 186 0.95 4 1
378 91 74 186 0.95 4 1
378 91 74 186 0.95 4 1
377 90 76 191 0.95 4 1
377 90 76 191 0.95 4 1
377 90 76 191 0.95 4 1
377 90 76 191 0.95 4 1
377 90 76 191 0.95 4 1
377 90 76 191 0.95 4 1
372 86 78 192 0.95 4 1
372 86 78 192 0.95 4 1
372 86 78 192 0.95 4 1
372 86 78 192 0.95 4 1
372 86 78 192 0.95 4 1
372 86 78 192 0.95 4 1
365 90 82 190 0.95 4 1 
365 90 82 190 0.95 4 1 
365 90 82 190 0.95 4 1 
365 90 82 190 0.95 4 1
365 90 82 190 0.95 4 1
365 90 82 190 0.95 4 1
365 90 82 190 0.95 4 1
365 90 82 190 0.95 4 1
365 90 82 190 0.95 4 1
366 83 86 203 0.95 4 1
366 83 86 203 0.95 4 1
366 83 86 203 0.95 4 1
366 83 86 203 0.95 4 1
366 83 86 203 0.95 4 1
366 83 86 203 0.95 4 1
371 94 79 199 0.95 4 1
371 94 79 199 0.95 4 1
371 94 79 199 0.95 4 1
377 94 73 199 0.95 4 1
377 94 73 199 0.95 4 1
377 94 73 199 0.95 4 1
377 94 73 199 0.95 4 1
377 94 73 199 0.95 4 1
377 94 73 199 0.95 4 1
379 93 71 203 0.95 4 1
379 93 71 203 0.95 4 1
379 93 71 203 0.95 4 1
379 93 71 203 0.95 4 1
379 93 71 203 0.95 4 1
379 93 71 203 0.95 4 1
385 90 71 203 0.95 4 1
385 90 71 203 0.95 4 1
385 90 71 203 0.95 4 1
388 88 71 203 0.95 4 1
388 88 71 203 0.95 4 1
388 88 71 203 0.95 4 1
387 88 71 207 0.95 4 1
387 88 71 207 0.95 4 1
387 88 71 207 0.95 4 1
388 87 74 208 0.95 4 1
388 87 74 208 0.95 4 1
388 87 74 208 0.95 4 1
391 89 73 209 0.95 4 1
391 89 73 209 0.95 4 1
391 89 73 209 0.95 4 1
391 89 73 209 0.95 4 1
391 89 73 209 0.95 4 1
391 89 73 209 0.95 4 1
391 89 73 212 0.95 4 1
391 89 73 212 0.95 4 1
391 89 73 212 0.95 4 1
391 89 73 212 0.95 4 1
391 89 73 212 0.95 4 1
391 89 73 212 0.95 4 1
385 88 79 217 0.95 4 1
385 88 79 217 0.95 4 1
385 88 79 217 0.95 4 1
384 98 83 213 0.95 4 1
384 98 83 213 0.95 4 1
384 98 83 213 0.95 4 1
383 106 84 210 0.95 4 1
383 106 84 210 0.95 4 1
383 106 84 210 0.95 4 1
383 106 84 210 0.95 4 1
383 106 84 210 0.95 4 1
383 106 84 210 0.95 4 1
382 110 88 208 0.95 4 1
382 110 88 208 0.95 4 1
382 110 88 208 0.95 4 1
381 127 88 192 0.95 4 1
381 127 88 192 0.95 4 1
381 127 88 192 0.95 4 1
383 144 87 173 0.95 0 2
383 144 87 173 0.95 0 2
383 144 87 173 0.95 0 2
385 149 84 167 0.95 0 2
385 149 84 167 0.95 0 2
385 149 84 167 0.95 0 2
381 162 89 159 0.95 0 2
381 162 89 159 0.95 0 2
381 162 89 159 0.95 0 2
381 167 89 151 0.95 0 2
381 167 89 151 0.95 0 2
381 167 89 151 0.95 0 2
379 186 91 133 0.95 0 2
379 186 91 133 0.95 0 2
379 186 91 133 0.95 0 2
378 190 92 134 0.95 0 2
378 190 92 134 0.95 0 2
378 190 92 134 0.95 0 2
378 190 92 134 0.95 0 2
378 190 92 134 0.95 0 2
378 190 92 134 0.95 0 2
380 195 91 137 0.95 0 2
380 195 91 137 0.95 0 2
380 195 91 137 0.95 0 2
380 195 91 137 0.95 0 2
380 195 91 137 0.95 0 2
380 195 91 137 0.95 0 2
381 203 93 130 0.95 0 2
381 203 93 130 0.95 0 2
381 203 93 130 0.95 0 2
379 208 96 136 0.95 0 2
379 208 96 136 0.95 0 2
379 208 96 136 0.95 0 2
375 217 100 135 0.95 0 2
375 217 100 135 0.95 0 2
375 217 100 135 0.95 0 2
370 220 106 130 0.95 0 2
370 220 106 130 0.95 0 2
370 220 106 130 0.95 0 2
360 226 119 124 0.95 0 2
360 226 119 124 0.95 0 2
360 226 119 124 0.95 0 2
346 232 139 119 0.95 0 2
346 232 139 119 0.95 0 2
346 232 139 119 0.95 0 2
335 239 154 114 0.95 0 2
335 239 154 114 0.95 0 2
335 239 154 114 0.95 0 2
335 239 154 114 0.95 0 2
335 239 154 114 0.95 0 2
335 239 154 114 0.95 0 2
328 246 160 107 0.95 0 2
328 246 160 107 0.95 0 2
328 246 160 107 0.95 0 2
320 248 167 103 0.95 0 2
320 248 167 103 0.95 0 2
320 248 167 103 0.95 0 2
311 250 176 97 0.95 0 2
311 250 176 97 0.95 0 2
311 250 176 97 0.95 0 2
313 248 174 100 0.95 0 2
313 248 174 100 0.95 0 2
313 248 174 100 0.95 0 2
303 248 175 104 0.95 0 2
303 248 175 104 0.95 0 2
303 248 175 104 0.95 0 2
303 248 175 104 0.95 0 2
303 248 175 104 0.95 0 2
303 248 175 104 0.95 0 2
301 243 175 105 0.95 0 2
301 243 175 105 0.95 0 2
301 243 175 105 0.95 0 2
296 242 173 102 0.95 0 2
296 242 173 102 0.95 0 2
296 242 173 102 0.95 0 2
296 248 170 106 0.95 0 2
296 248 170 106 0.95 0 2
296 248 170 106 0.95 0 2
296 248 170 106 0.95 0 2
296 248 170 106 0.95 0 2
296 248 170 106 0.95 0 2
297 250 162 101 0.95 0 2
297 250 162 101 0.95 0 2
297 250 162 101 0.95 0 2
291 254 167 98 0.95 0 2
291 254 167 98 0.95 0 2
291 254 167 98 0.95 0 2
305 258 147 98 0.95 0 2
305 258 147 98 0.95 0 2
305 258 147 98 0.95 0 2
303 270 145 85 0.95 1 3
303 270 145 85 0.95 1 3
303 270 145 85 0.95 1 3
310 266 142 93 0.95 1 3
310 266 142 93 0.95 1 3
310 266 142 93 0.95 1 3
310 276 137 86 0.95 1 3
310 276 137 86 0.95 1 3
310 276 137 86 0.95 1 3
318 275 133 88 0.95 1 3
318 275 133 88 0.95 1 3
318 275 133 88 0.95 1 3
322 272 131 97 0.95 1 3
322 272 131 97 0.95 1 3
322 272 131 97 0.95 1 3
329 260 124 104 0.95 1 3
329 260 124 104 0.95 1 3
329 260 124 104 0.95 1 3
329 260 124 104 0.95 1 3
329 260 124 104 0.95 1 3
329 260 124 104 0.95 1 3
331 264 122 106 0.95 1 3
331 264 122 106 0.95 1 3
331 264 122 106 0.95 1 3
331 264 122 106 0.95 1 3
331 264 122 106 0.95 1 3
331 264 122 106 0.95 1 3
329 272 133 96 0.95 1 3
329 272 133 96 0.95 1 3
329 272 133 96 0.95 1 3
329 272 133 96 0.95 1 3
329 272 133 96 0.95 1 3
329 272 133 96 0.95 1 3
335 278 129 91 0.95 1 3
335 278 129 91 0.95 1 3
335 278 129 91 0.95 1 3
338 273 130 92 0.95 1 3
338 273 130 92 0.95 1 3
338 273 130 92 0.95 1 3
338 273 130 92 0.95 1 3
338 273 130 92 0.95 1 3
338 273 130 92 0.95 1 3
338 273 130 92 0.95 1 3
338 273 130 92 0.95 1 3
338 273 130 92 0.95 1 3
338 273 130 92 0.95 1 3
338 273 130 92 0.95 1 3
338 273 130 92 0.95 1 3
338 273 130 92 0.95 1 3
338 273 130 92 0.95 1 3
338 273 130 92 0.95 1 3
331 279 133 91 0.95 1 3
331 279 133 91 0.95 1 3
331 279 133 91 0.95 1 3
331 279 133 91 0.95 1 3
331 279 133 91 0.95 1 3
331 279 133 91 0.95 1 3
331 279 133 91 0.95 1 3
331 279 133 91 0.95 1 3
331 279 133 91 0.95 1 3
331 279 133 91 0.95 1 3
331 279 133 91 0.95 1 3
331 279 133 91 0.95 1 3
331 279 133 91 0.95 1 3
331 279 133 91 0.95 1 3
331 279 133 91 0.95 1 3
331 279 133 91 0.95 1 3
331 279 133 91 0.95 1 3
331 279 133 91 0.95 1 3
331 279 133 91 0.95 1 3
331 279 133 91 0.95 1 3
331 279 133 91 0.95 1 3
331 279 133 91 0.95 1 3
331 279 133 91 0.95 1 3
331 279 133 91 0.95 1 3
331 279 133 91 0.95 1 3
331 279 133 91 0.95 1 3
331 279 133 91 0.95 1 3
331 279 133 91 0.95 1 3
331 279 133 91 0.95 1 3
331 279 133 91 0.95 1 3
331 279 133 91 0.95 1 3
331 279 133 91 0.95 1 3
331 279 133 91 0.95 1 3
331 279 133 91 0.95 1 3
331 279 133 91 0.95 1 3
331 279 133 91 0.95 1 3
331 279 133 91 0.95 1 3
331 279 133 91 0.95 1 3
331 279 133 91 0.95 1 3
331 279 133 91 0.95 1 3
331 279 133 91 0.95 1 3
331 279 133 91 0.95 1 3
331 279 133 91 0.95 1 3
331 279 133 91 0.95 1 3
331 279 133 91 0.95 1 3
331 279 133 91 0.95 1 3
331 279 133 91 0.95 1 3
331 279 133 91 0.95 1 3
331 279 133 91 0.95 1 3
331 279 133 91 0.95 1 3
331 279 133 91 0.95 1 3
331 279 133 91 0.95 1 3
331 279 133 91 0.95 1 3
331 279 133 91 0.95 1 3
331 279 133 91 0.95 1 3
331 279 133 91 0.95 1 3
331 279 133 91 0.95 1 3
331 279 133 91 0.95 1 3
331 279 133 91 0.95 1 3
331 279 133 91 0.95 1 3
331 279 133 91 0.95 1 3
331 279 133 91 0.95 1 3
331 279 133 91 0.95 1 3
331 279 133 91 0.95 1 3
331 279 133 91 0.95 1 3
331 279 133 91 0.95 1 3
331 279 133 91 0.95 1 3
331 279 133 91 0.95 1 3
331 279 133 91 0.95 1 3
331 279 133 91 0.95 1 3
331 279 133 91 0.95 1 3
331 279 133 91 0.95 1 3
331 279 133 91 0.95 1 3
331 279 133 91 0.95 1 3
331 279 133 91 0.95 1 3
331 279 133 91 0.95 1 3
331 279 133 91 0.95 1 3
331 279 133 91 0.95 1 3
331 279 133 91 0.95 1 3
331 279 133 91 0.95 1 3
331 279 133 91 0.95 1 3
331 279 133 91 0.95 1 3
331 279 133 91 0.95 1 3
331 279 133 91 0.95 1 3
331 279 133 91 0.95 1 3
331 279 133 91 0.95 1 3
331 279 133 91 0.95 1 3
331 279 133 91 0.95 1 3
331 279 133 91 0.95 1 3
331 279 133 91 0.95 1 3
331 279 133 91 0.95 1 3
331 279 133 91 0.95 1 3
331 279 133 91 0.95 1 3
331 279 133 91 0.95 1 3
331 279 133 91 0.95 1 3
331 279 133 91 0.95 1 3
331 279 133 91 0.95 1 3
331 279 133 91 0.95 1 3
331 279 133 91 0.95 1 3
331 279 133 91 0.95 1 3
331 279 133 91 0.95 1 3
331 279 133 91 0.95 1 3
331 279 133 91 0.95 1 3
331 279 133 91 0.95 1 3
331 279 133 91 0.95 1 3
331 279 133 91 0.95 1 3
331 279 133 91 0.95 1 3
331 279 133 91 0.95 1 3
331 279 133 91 0.95 1 3
331 279 133 91 0.95 1 3
331 279 133 91 0.95 1 3
331 279 133 91 0.95 1 3
331 279 133 91 0.95 1 3
331 279 133 91 0.95 1 3
331 279 133 91 0.95 1 3
331 279 133 91 0.95 1 3
331 279 133 91 0.95 1 3
331 279 133 91 0.95 1 3
331 279 133 91 0.95 1 3
331 279 133 91 0.95 1 3
331 279 133 91 0.95 1 3
331 279 133 91 0.95 1 3
331 279 133 91 0.95 1 3
331 279 133 91 0.95 1 3
331 279 133 91 0.95 1 3
331 279 133 91 0.95 1 3
331 279 133 91 0.95 1 3
331 279 133 91 0.95 1 3
331 279 133 91 0.95 1 3
331 279 133 91 0.95 1 3
331 279 133 91 0.95 1 3
331 279 133 91 0.95 1 3
331 279 133 91 0.95 1 3
331 279 133 91 0.95 1 3
331 279 133 91 0.95 1 3
331 279 133 91 0.95 1 3
331 279 133 91 0.95 1 3
331 279 133 91 0.95 1 3
331 279 133 91 0.95 1 3
331 279 133 91 0.95 1 3
331 279 133 91 0.95 1 3
331 279 133 91 0.95 1 3
331 279 133 91 0.95 1 3
331 279 133 91 0.95 1 3
331 279 133 91 0.95 1 3
331 279 133 91 0.95 1 3
331 279 133 91 0.95 1 3
331 279 133 91 0.95 1 3
331 279 133 91 0.95 1 3
331 279 133 91 0.95 1 3
331 279 133 91 0.95 1 3
331 279 133 91 0.95 1 3
331 279 133 91 0.95 1 3
331 279 133 91 0.95 1 3
331 279 133 91 0.95 1 3
331 279 133 91 0.95 1 3
331 279 133 91 0.95 1 3
331 279 133 91 0.95 1 3
331 279 133 91 0.95 1 3
331 279 133 91 0.95 1 3
331 279 133 91 0.95 1 3
331 279 133 91 0.95 1 3
331 279 133 91 0.95 1 3
331 279 133 91 0.95 1 3
331 279 133 91 0.95 1 3
331 279 133 91 0.95 1 3
331 279 133 91 0.95 1 3
331 279 133 91 0.95 1 3
331 279 133 91 0.95 1 3
331 279 133 91 0.95 1 3
331 279 133 91 0.95 1 3
331 279 133 91 0.95 1 3
331 279 133 91 0.95 1 3
331 279 133 91 0.95 1 3
331 279 133 91 0.95 1 3
331 279 133 91 0.95 1 3
331 279 133 91 0.95 1 3
331 279 133 91 0.95 1 3
331 279 133 91 0.95 1 3
331 279 133 91 0.95 1 3
331 279 133 91 0.95 1 3
331 279 133 91 0.95 1 3
331 279 133 91 0.95 1 3
331 279 133 91 0.95 1 3
331 279 133 91 0.95 1 3
331 279 133 91 0.95 1 3
331 279 133 91 0.95 1 3
331 279 133 91 0.95 1 3
331 279 133 91 0.95 1 3
331 279 133 91 0.95 1 3
331 279 133 91 0.95 1 3
331 279 133 91 0.95 1 3
331 279 133 91 0.95 1 3
331 279 133 91 0.95 1 3
331 279 133 91 0.95 1 3
331 279 133 91 0.95 1 3
331 279 133 91 0.95 1 3
331 279 133 91 0.95 1 3
331 279 133 91 0.95 1 3
331 279 133 91 0.95 1 3
331 279 133 91 0.95 1 3
331 279 133 91 0.95 1 3
331 279 133 91 0.95 1 3
331 279 133 91 0.95 1 3
331 279 133 91 0.95 1 3
331 279 133 91 0.95 1 3
331 279 133 91 0.95 1 3
331 279 133 91 0.95 1 3
331 279 133 91 0.95 1 3
331 279 133 91 0.95 1 3
331 279 133 91 0.95 1 3
331 279 133 91 0.95 1 3
331 279 133 91 0.95 1 3
331 279 133 91 0.95 1 3
331 279 133 91 0.95 1 3
331 279 133 91 0.95 1 3
331 279 133 91 0.95 1 3
331 279 133 91 0.95 1 3
331 279 133 91 0.95 1 3
331 279 133 91 0.95 1 3
331 279 133 91 0.95 1 3
331 279 133 91 0.95 1 3
331 279 133 91 0.95 1 3
331 279 133 91 0.95 1 3
331 279 133 91 0.95 1 3
331 279 133 91 0.95 1 3
331 279 133 91 0.95 1 3
331 279 133 91 0.95 1 3
331 279 133 91 0.95 1 3
331 279 133 91 0.95 1 3
331 279 133 91 0.95 1 3
331 279 133 91 0.95 1 3
331 279 133 91 0.95 1 3
331 279 133 91 0.95 1 3
331 279 133 91 0.95 1 3
331 279 133 91 0.95 1 3
331 279 133 91 0.95 1 3
331 279 133 91 0.95 1 3
331 279 133 91 0.95 1 3
331 279 133 91 0.95 1 3
331 279 133 91 0.95 1 3
331 279 133 91 0.95 1 3
331 279 133 91 0.95 1 3
331 279 133 91 0.95 1 3
331 279 133 91 0.95 1 3
331 279 133 91 0.95 1 3
331 279 133 91 0.95 1 3
331 279 133 91 0.95 1 3
331 279 133 91 0.95 1 3
331 279 133 91 0.95 1 3
331 279 133 91 0.95 1 3
331 279 133 91 0.95 1 3
331 279 133 91 0.95 1 3
331 279 133 91 0.95 1 3
331 279 133 91 0.95 1 3
331 279 133 91 0.95 1 3
331 279 133 91 0.95 1 3
331 279 133 91 0.95 1 3
331 279 133 91 0.95 1 3
331 279 133 91 0.95 1 3
331 279 133 91 0.95 1 3
331 279 133 91 0.95 1 3
331 279 133 91 0.95 1 3
331 279 133 91 0.95 1 3
331 279 133 91 0.95 1 3
331 279 133 91 0.95 1 3
331 279 133 91 0.95 1 3
331 279 133 91 0.95 1 3
331 279 133 91 0.95 1 3
331 279 133 91 0.95 1 3
331 279 133 91 0.95 1 3
331 279 133 91 0.95 1 3
331 279 133 91 0.95 1 3
331 279 133 91 0.95 1 3
331 279 133 91 0.95 1 3
331 279 133 91 0.95 1 3
331 279 133 91 0.95 1 3
331 279 133 91 0.95 1 3
331 279 133 91 0.95 1 3
331 279 133 91 0.95 1 3
331 279 133 91 0.95 1 3
331 279 133 91 0.95 1 3
331 279 133 91 0.95 1 3
331 279 133 91 0.95 1 3
331 279 133 91 0.95 1 3
331 279 133 91 0.95 1 3
331 279 133 91 0.95 1 3
331 279 133 91 0.95 1 3
331 279 133 91 0.95 1 3
331 279 133 91 0.95 1 3
331 279 133 91 0.95 1 3
331 279 133 91 0.95 1 3
331 279 133 91 0.95 1 3
331 279 133 91 0.95 1 3
331 279 133 91 0.95 1 3
331 279 133 91 0.95 1 3
331 279 133 91 0.95 1 3
331 279 133 91 0.95 1 3
331 279 133 91 0.95 1 3
331 279 133 91 0.95 1 3
331 279 133 91 0.95 1 3
331 279 133 91 0.95 1 3
331 279 133 91 0.95 1 3
331 279 133 91 0.95 1 3
331 279 133 91 0.95 1 3
331 279 133 91 0.95 1 3
331 279 133 91 0.95 1 3
331 279 133 91 0.95 1 3
331 279 133 91 0.95 1 3
331 279 133 91 0.95 1 3
331 279 133 91 0.95 1 3
331 279 133 91 0.95 1 3
331 279 133 91 0.95 1 3
331 279 133 91 0.95 1 3
331 279 133 91 0.95 1 3
331 279 133 91 0.95 1 3
331 279 133 91 0.95 1 3
331 279 133 91 0.95 1 3
331 279 133 91 0.95 1 3
331 279 133 91 0.95 1 3
331 279 133 91 0.95 1 3
331 279 133 91 0.95 1 3
331 279 133 91 0.95 1 3
331 279 133 91 0.95 1 3
331 279 133 91 0.95 1 3
331 279 133 91 0.95 1 3
331 279 133 91 0.95 1 3
331 279 133 91 0.95 1 3
331 279 133 91 0.95 1 3
331 279 133 91 0.95 1 3
331 279 133 91 0.95 1 3
331 279 133 91 0.95 1 3
331 279 133 91 0.95 1 3
331 279 133 91 0.95 1 3
331 279 133 91 0.95 1 3
331 279 133 91 0.95 1 3
331 279 133 91 0.95 1 3
331 279 133 91 0.95 1 3
331 279 133 91 0.95 1 3
331 279 133 91 0.95 1 3
331 279 133 91 0.95 1 3
331 279 133 91 0.95 1 3
331 279 133 91 0.95 1 3
331 279 133 91 0.95 1 3
331 279 133 91 0.95 1 3
331 279 133 91 0.95 1 3
331 279 133 91 0.95 1 3
331 279 133 91 0.95 1 3
331 279 133 91 0.95 1 3
331 279 133 91 0.95 1 3
331 279 133 91 0.95 1 3
331 279 133 91 0.95 1 3
331 279 133 91 0.95 1 3
331 279 133 91 0.95 1 3
331 279 133 91 0.95 1 3
331 279 133 91 0.95 1 3
331 279 133 91 0.95 1 3
331 279 133 91 0.95 1 3
331 279 133 91 0.95 1 3
331 279 133 91 0.95 1 3
331 279 133 91 0.95 1 3
331 279 133 91 0.95 1 3
331 279 133 91 0.95 1 3
331 279 133 91 0.95 1 3
331 279 133 91 0.95 1 3
331 279 133 91 0.95 1 3
331 279 133 91 0.95 1 3
331 279 133 91 0.95 1 3
331 279 133 91 0.95 1 3
331 279 133 91 0.95 1 3
331 279 133 91 0.95 1 3
331 279 133 91 0.95 1 3
331 279 133 91 0.95 1 3
331 279 133 91 0.95 1 3
331 279 133 91 0.95 1 3
331 279 133 91 0.95 1 3
331 279 133 91 0.95 1 3
331 279 133 91 0.95 1 3
331 279 133 91 0.95 1 3
331 279 133 91 0.95 1 3
331 279 133 91 0.95 1 3
331 279 133 91 0.95 1 3
331 279 133 91 0.95 1 3
331 279 133 91 0.95 1 3
331 279 133 91 0.95 1 3
331 279 133 91 0.95 1 3
331 279 133 91 0.95 1 3
331 279 133 91 0.95 1 3
331 279 133 91 0.95 1 3
331 279 133 91 0.95 1 3
331 279 133 91 0.95 1 3
331 279 133 91 0.95 1 3
331 279 133 91 0.95 1 3
331 279 133 91 0.95 1 3
331 279 133 91 0.95 1 3
331 279 133 91 0.95 1 3
331 279 133 91 0.95 1 3
331 279 133 91 0.95 1 3
331 279 133 91 0.95 1 3
331 279 133 91 0.95 1 3
331 279 133 91 0.95 1 3
331 279 133 91 0.95 1 3
331 279 133 91 0.95 1 3
331 279 133 91 0.95 1 3
331 279 133 91 0.95 1 3
331 279 133 91 0.95 1 3
331 279 133 91 0.95 1 3
331 279 133 91 0.95 1 3
331 279 133 91 0.95 1 3
331 279 133 91 0.95 1 3
331 279 133 91 0.95 1 3
331 279 133 91 0.95 1 3
331 279 133 91 0.95 1 3
331 279 133 91 0.95 1 3
331 279 133 91 0.95 1 3
331 279 133 91 0.95 1 3
331 279 133 91 0.95 1 3
331 279 133 91 0.95 1 3
331 279 133 91 0.95 1 3
331 279 133 91 0.95 1 3
331 279 133 91 0.95 1 3
331 279 133 91 0.95 1 3
331 279 133 91 0.95 1 3
331 279 133 91 0.95 1 3
331 279 133 91 0.95 1 3
331 279 133 91 0.95 1 3
331 279 133 91 0.95 1 3
331 279 133 91 0.95 1 3
331 279 133 91 0.95 1 3
331 279 133 91 0.95 1 3
331 279 133 91 0.95 1 3
331 279 133 91 0.95 1 3
331 279 133 91 0.95 1 3
331 279 133 91 0.95 1 3
331 279 133 91 0.95 1 3
331 279 133 91 0.95 1 3
331 279 133 91 0.95 1 3
331 279 133 91 0.95 1 3
331 279 133 91 0.95 1 3
331 279 133 91 0.95 1 3
331 279 133 91 0.95 1 3
331 279 133 91 0.95 1 3
331 279 133 91 0.95 1 3
331 279 133 91 0.95 1 3
331 279 133 91 0.95 1 3
331 279 133 91 0.95 1 3
331 279 133 91 0.95 1 3
331 279 133 91 0.95 1 3
331 279 133 91 0.95 1 3
331 279 133 91 0.95 1 3
331 279 133 91 0.95 1 3
331 279 133 91 0.95 1 3
331 279 133 91 0.95 1 3
331 279 133 91 0.95 1 3
331 279 133 91 0.95 1 3
331 279 133 91 0.95 1 3
331 279 133 91 0.95 1 3
331 279 133 91 0.95 1 3
331 279 133 91 0.95 1 3
331 279 133 91 0.95 1 3
331 279 133 91 0.95 1 3
331 279 133 91 0.95 1 3
331 279 133 91 0.95 1 3
331 279 133 91 0.95 1 3
331 279 133 91 0.95 1 3
331 279 133 91 0.95 1 3
331 279 133 91 0.95 1 3
331 279 133 91 0.95 1 3
331 279 133 91 0.95 1 3
331 279 133 91 0.95 1 3
331 279 133 91 0.95 1 3
331 279 133 91 0.95 1 3
331 279 133 91 0.95 1 3
331 279 133 91 0.95 1 3

















































































