1131 708 107 250 0.95 4 1
1131 708 107 250 0.95 4 1
1131 708 107 250 0.95 4 1
1131 708 107 250 0.95 4 1
1131 708 107 250 0.95 4 1
1131 708 107 250 0.95 4 1
1131 708 107 250 0.95 4 1
1131 708 107 250 0.95 4 1
1131 708 107 250 0.95 4 1
1131 708 107 250 0.95 4 1
1131 708 107 250 0.95 4 1
1131 708 107 250 0.95 4 1
1131 708 107 250 0.95 4 1
1135 709 112 262 0.95 4 1
1135 709 112 262 0.95 4 1
1135 709 112 262 0.95 4 1
1135 709 112 262 0.95 4 1
1135 709 112 262 0.95 4 1
1135 709 112 262 0.95 4 1
1135 709 112 262 0.95 4 1
1135 709 112 262 0.95 4 1
1135 709 112 262 0.95 4 1
1135 709 112 262 0.95 4 1
1135 709 112 262 0.95 4 1
1135 709 112 262 0.95 4 1
1135 709 112 262 0.95 4 1
1144 711 106 250 0.95 4 1
1144 711 106 250 0.95 4 1
1144 711 106 250 0.95 4 1
1144 711 106 250 0.95 4 1
1144 711 106 250 0.95 4 1
1144 711 106 250 0.95 4 1
1144 711 106 250 0.95 4 1
1144 711 106 250 0.95 4 1
1144 711 106 250 0.95 4 1
1144 711 106 250 0.95 4 1
1144 711 106 250 0.95 4 1
1144 711 106 250 0.95 4 1
1144 711 106 250 0.95 4 1
1169 700 102 246 0.95 4 1
1169 700 102 246 0.95 4 1
1169 700 102 246 0.95 4 1
1169 700 102 246 0.95 4 1
1169 700 102 246 0.95 4 1
1169 700 102 246 0.95 4 1
1169 700 102 246 0.95 4 1
1169 700 102 246 0.95 4 1
1169 700 102 246 0.95 4 1
1169 700 102 246 0.95 4 1
1169 700 102 246 0.95 4 1
1169 700 102 246 0.95 4 1
1169 700 102 246 0.95 4 1
1193 697 90 246 0.95 4 1
1193 697 90 246 0.95 4 1
1193 697 90 246 0.95 4 1
1193 697 90 246 0.95 4 1
1193 697 90 246 0.95 4 1
1193 697 90 246 0.95 4 1
1193 697 90 246 0.95 4 1
1193 697 90 246 0.95 4 1
1193 697 90 246 0.95 4 1
1193 697 90 246 0.95 4 1
1193 697 90 246 0.95 4 1
1193 697 90 246 0.95 4 1
1193 697 90 246 0.95 4 1
1209 694 88 243 0.95 4 1
1209 694 88 243 0.95 4 1
1209 694 88 243 0.95 4 1
1209 694 88 243 0.95 4 1
1209 694 88 243 0.95 4 1
1209 694 88 243 0.95 4 1
1209 694 88 243 0.95 4 1
1209 694 88 243 0.95 4 1
1209 694 88 243 0.95 4 1
1209 694 88 243 0.95 4 1
1209 694 88 243 0.95 4 1
1209 694 88 243 0.95 4 1
1209 694 88 243 0.95 4 1
1221 679 91 247 0.95 4 1
1221 679 91 247 0.95 4 1
1221 679 91 247 0.95 4 1
1221 679 91 247 0.95 4 1
1221 679 91 247 0.95 4 1
1221 679 91 247 0.95 4 1
1221 679 91 247 0.95 4 1
1221 679 91 247 0.95 4 1
1221 679 91 247 0.95 4 1
1221 679 91 247 0.95 4 1
1221 679 91 247 0.95 4 1
1221 679 91 247 0.95 4 1
1221 679 91 247 0.95 4 1
1236 678 91 242 0.95 4 1
1236 678 91 242 0.95 4 1
1236 678 91 242 0.95 4 1
1236 678 91 242 0.95 4 1
1236 678 91 242 0.95 4 1
1236 678 91 242 0.95 4 1
1236 678 91 242 0.95 4 1
1236 678 91 242 0.95 4 1
1236 678 91 242 0.95 4 1
1236 678 91 242 0.95 4 1
1236 678 91 242 0.95 4 1
1236 678 91 242 0.95 4 1
1236 678 91 242 0.95 4 1
1248 675 98 242 0.95 4 1
1248 675 98 242 0.95 4 1
1248 675 98 242 0.95 4 1
1248 675 98 242 0.95 4 1
1248 675 98 242 0.95 4 1
1248 675 98 242 0.95 4 1
1248 675 98 242 0.95 4 1
1248 675 98 242 0.95 4 1
1248 675 98 242 0.95 4 1
1248 675 98 242 0.95 4 1
1248 675 98 242 0.95 4 1
1248 675 98 242 0.95 4 1
1248 675 98 242 0.95 4 1
1256 673 98 235 0.95 4 1
1256 673 98 235 0.95 4 1
1256 673 98 235 0.95 4 1
1256 673 98 235 0.95 4 1
1256 673 98 235 0.95 4 1
1256 673 98 235 0.95 4 1
1256 673 98 235 0.95 4 1
1256 673 98 235 0.95 4 1
1256 673 98 235 0.95 4 1
1256 673 98 235 0.95 4 1
1256 673 98 235 0.95 4 1
1256 673 98 235 0.95 4 1
1256 673 98 235 0.95 4 1
1275 670 91 235 0.95 4 1
1275 670 91 235 0.95 4 1
1275 670 91 235 0.95 4 1
1275 670 91 235 0.95 4 1
1275 670 91 235 0.95 4 1
1275 670 91 235 0.95 4 1
1275 670 91 235 0.95 4 1
1275 670 91 235 0.95 4 1
1275 670 91 235 0.95 4 1
1275 670 91 235 0.95 4 1
1275 670 91 235 0.95 4 1
1275 670 91 235 0.95 4 1
1275 670 91 235 0.95 4 1
1282 673 87 229 0.95 4 1
1282 673 87 229 0.95 4 1
1282 673 87 229 0.95 4 1
1282 673 87 229 0.95 4 1
1282 673 87 229 0.95 4 1
1282 673 87 229 0.95 4 1
1282 673 87 229 0.95 4 1
1282 673 87 229 0.95 4 1
1282 673 87 229 0.95 4 1
1282 673 87 229 0.95 4 1
1282 673 87 229 0.95 4 1
1282 673 87 229 0.95 4 1
1282 673 87 229 0.95 4 1
1283 675 95 226 0.95 4 1
1283 675 95 226 0.95 4 1
1283 675 95 226 0.95 4 1
1283 675 95 226 0.95 4 1
1283 675 95 226 0.95 4 1
1283 675 95 226 0.95 4 1
1283 675 95 226 0.95 4 1
1283 675 95 226 0.95 4 1
1283 675 95 226 0.95 4 1
1283 675 95 226 0.95 4 1
1283 675 95 226 0.95 4 1
1283 675 95 226 0.95 4 1
1283 675 95 226 0.95 4 1
1283 672 105 219 0.95 4 1
1283 672 105 219 0.95 4 1
1283 672 105 219 0.95 4 1
1283 672 105 219 0.95 4 1
1283 672 105 219 0.95 4 1
1283 672 105 219 0.95 4 1
1283 672 105 219 0.95 4 1
1283 672 105 219 0.95 4 1
1283 672 105 219 0.95 4 1
1283 672 105 219 0.95 4 1
1283 672 105 219 0.95 4 1
1283 672 105 219 0.95 4 1
1283 672 105 219 0.95 4 1
1283 663 114 209 0.95 4 1
1283 663 114 209 0.95 4 1
1283 663 114 209 0.95 4 1
1283 663 114 209 0.95 4 1
1283 663 114 209 0.95 4 1
1283 663 114 209 0.95 4 1
1283 663 114 209 0.95 4 1
1283 663 114 209 0.95 4 1
1283 663 114 209 0.95 4 1
1283 663 114 209 0.95 4 1
1283 663 114 209 0.95 4 1
1283 663 114 209 0.95 4 1
1283 663 114 209 0.95 4 1
1291 655 120 215 0.95 4 1
1291 655 120 215 0.95 4 1
1291 655 120 215 0.95 4 1
1291 655 120 215 0.95 4 1
1291 655 120 215 0.95 4 1
1291 655 120 215 0.95 4 1
1291 655 120 215 0.95 4 1
1291 655 120 215 0.95 4 1
1291 655 120 215 0.95 4 1
1291 655 120 215 0.95 4 1
1291 655 120 215 0.95 4 1
1291 655 120 215 0.95 4 1
1291 655 120 215 0.95 4 1
1300 657 122 212 0.95 4 1
1300 657 122 212 0.95 4 1
1300 657 122 212 0.95 4 1
1300 657 122 212 0.95 4 1
1300 657 122 212 0.95 4 1
1300 657 122 212 0.95 4 1
1300 657 122 212 0.95 4 1
1300 657 122 212 0.95 4 1
1300 657 122 212 0.95 4 1
1300 657 122 212 0.95 4 1
1300 657 122 212 0.95 4 1
1300 657 122 212 0.95 4 1
1300 657 122 212 0.95 4 1
1315 678 114 185 0.95 0 2
1315 678 114 185 0.95 0 2
1315 678 114 185 0.95 0 2
1315 678 114 185 0.95 0 2
1315 678 114 185 0.95 0 2
1315 678 114 185 0.95 0 2
1315 678 114 185 0.95 0 2
1315 678 114 185 0.95 0 2
1315 678 114 185 0.95 0 2
1315 678 114 185 0.95 0 2
1315 678 114 185 0.95 0 2
1315 678 114 185 0.95 0 2
1315 678 114 185 0.95 0 2
1318 703 105 151 0.95 0 2
1318 703 105 151 0.95 0 2
1318 703 105 151 0.95 0 2
1318 703 105 151 0.95 0 2
1318 703 105 151 0.95 0 2
1318 703 105 151 0.95 0 2
1318 703 105 151 0.95 0 2
1318 703 105 151 0.95 0 2
1318 703 105 151 0.95 0 2
1318 703 105 151 0.95 0 2
1318 703 105 151 0.95 0 2
1318 703 105 151 0.95 0 2
1318 703 105 151 0.95 0 2
1322 724 89 128 0.95 0 2
1322 724 89 128 0.95 0 2
1322 724 89 128 0.95 0 2
1322 724 89 128 0.95 0 2
1322 724 89 128 0.95 0 2
1322 724 89 128 0.95 0 2
1322 724 89 128 0.95 0 2
1322 724 89 128 0.95 0 2
1322 724 89 128 0.95 0 2
1322 724 89 128 0.95 0 2
1322 724 89 128 0.95 0 2
1322 724 89 128 0.95 0 2
1322 724 89 128 0.95 0 2
1324 729 93 122 0.95 0 2
1324 729 93 122 0.95 0 2
1324 729 93 122 0.95 0 2
1324 729 93 122 0.95 0 2
1324 729 93 122 0.95 0 2
1324 729 93 122 0.95 0 2
1324 729 93 122 0.95 0 2
1324 729 93 122 0.95 0 2
1324 729 93 122 0.95 0 2
1324 729 93 122 0.95 0 2
1324 729 93 122 0.95 0 2
1324 729 93 122 0.95 0 2
1324 729 93 122 0.95 0 2
1333 732 86 117 0.95 0 2
1333 732 86 117 0.95 0 2
1333 732 86 117 0.95 0 2
1333 732 86 117 0.95 0 2
1333 732 86 117 0.95 0 2
1333 732 86 117 0.95 0 2
1333 732 86 117 0.95 0 2
1333 732 86 117 0.95 0 2
1333 732 86 117 0.95 0 2
1333 732 86 117 0.95 0 2
1333 732 86 117 0.95 0 2
1333 732 86 117 0.95 0 2
1333 732 86 117 0.95 0 2
1333 747 90 104 0.95 0 2
1333 747 90 104 0.95 0 2
1333 747 90 104 0.95 0 2
1333 747 90 104 0.95 0 2
1333 747 90 104 0.95 0 2
1333 747 90 104 0.95 0 2
1333 747 90 104 0.95 0 2
1333 747 90 104 0.95 0 2
1333 747 90 104 0.95 0 2
1333 747 90 104 0.95 0 2
1333 747 90 104 0.95 0 2
1333 747 90 104 0.95 0 2
1333 747 90 104 0.95 0 2
1333 750 89 95 0.95 0 2
1333 750 89 95 0.95 0 2
1333 750 89 95 0.95 0 2
1333 750 89 95 0.95 0 2
1333 750 89 95 0.95 0 2
1333 750 89 95 0.95 0 2
1333 750 89 95 0.95 0 2
1333 750 89 95 0.95 0 2
1333 750 89 95 0.95 0 2
1333 750 89 95 0.95 0 2
1333 750 89 95 0.95 0 2
1333 750 89 95 0.95 0 2
1333 750 89 95 0.95 0 2
1337 745 85 103 0.95 0 2
1337 745 85 103 0.95 0 2
1337 745 85 103 0.95 0 2
1337 745 85 103 0.95 0 2
1337 745 85 103 0.95 0 2
1337 745 85 103 0.95 0 2
1337 745 85 103 0.95 0 2
1337 745 85 103 0.95 0 2
1337 745 85 103 0.95 0 2
1337 745 85 103 0.95 0 2
1337 745 85 103 0.95 0 2
1337 745 85 103 0.95 0 2
1337 745 85 103 0.95 0 2
1340 748 88 100 0.95 0 2
1340 748 88 100 0.95 0 2
1340 748 88 100 0.95 0 2
1340 748 88 100 0.95 0 2
1340 748 88 100 0.95 0 2
1340 748 88 100 0.95 0 2
1340 748 88 100 0.95 0 2
1340 748 88 100 0.95 0 2
1340 748 88 100 0.95 0 2
1340 748 88 100 0.95 0 2
1340 748 88 100 0.95 0 2
1340 748 88 100 0.95 0 2
1340 748 88 100 0.95 0 2
1337 756 89 90 0.95 1 3
1337 756 89 90 0.95 1 3
1337 756 89 90 0.95 1 3
1337 756 89 90 0.95 1 3
1337 756 89 90 0.95 1 3
1337 756 89 90 0.95 1 3
1337 756 89 90 0.95 1 3
1337 756 89 90 0.95 1 3
1337 756 89 90 0.95 1 3
1337 756 89 90 0.95 1 3
1337 756 89 90 0.95 1 3
1337 756 89 90 0.95 1 3
1337 756 89 90 0.95 1 3
1337 760 86 88 0.95 1 3
1337 760 86 88 0.95 1 3
1337 760 86 88 0.95 1 3
1337 760 86 88 0.95 1 3
1337 760 86 88 0.95 1 3
1337 760 86 88 0.95 1 3
1337 760 86 88 0.95 1 3
1337 760 86 88 0.95 1 3
1337 760 86 88 0.95 1 3
1337 760 86 88 0.95 1 3
1337 760 86 88 0.95 1 3
1337 760 86 88 0.95 1 3
1337 760 86 88 0.95 1 3
1337 760 86 88 0.95 1 3
1337 760 86 88 0.95 1 3
1337 760 86 88 0.95 1 3
1337 760 86 88 0.95 1 3
1337 760 86 88 0.95 1 3
1337 760 86 88 0.95 1 3
1337 760 86 88 0.95 1 3
1337 760 86 88 0.95 1 3
1337 760 86 88 0.95 1 3
1337 760 86 88 0.95 1 3
1337 760 86 88 0.95 1 3
1337 760 86 88 0.95 1 3
1337 760 86 88 0.95 1 3
1337 760 86 88 0.95 1 3
1337 760 86 88 0.95 1 3
1337 760 86 88 0.95 1 3
1337 760 86 88 0.95 1 3
1337 760 86 88 0.95 1 3
1337 760 86 88 0.95 1 3
1337 760 86 88 0.95 1 3
1337 760 86 88 0.95 1 3
1337 760 86 88 0.95 1 3
1337 760 86 88 0.95 1 3
1337 760 86 88 0.95 1 3
1337 760 86 88 0.95 1 3
1337 760 86 88 0.95 1 3
1337 760 86 88 0.95 1 3
1337 760 86 88 0.95 1 3
1337 760 86 88 0.95 1 3
1337 760 86 88 0.95 1 3
1337 760 86 88 0.95 1 3
1337 760 86 88 0.95 1 3
1337 760 86 88 0.95 1 3
1337 760 86 88 0.95 1 3
1337 760 86 88 0.95 1 3
1337 760 86 88 0.95 1 3
1337 760 86 88 0.95 1 3
1337 760 86 88 0.95 1 3
1337 760 86 88 0.95 1 3
1337 760 86 88 0.95 1 3
1337 760 86 88 0.95 1 3
1337 760 86 88 0.95 1 3
1337 760 86 88 0.95 1 3
1337 760 86 88 0.95 1 3
1337 760 86 88 0.95 1 3
1337 760 86 88 0.95 1 3
1337 760 86 88 0.95 1 3
1337 760 86 88 0.95 1 3
1337 760 86 88 0.95 1 3
1337 760 86 88 0.95 1 3
1337 760 86 88 0.95 1 3
1337 760 86 88 0.95 1 3
1337 760 86 88 0.95 1 3
1337 760 86 88 0.95 1 3
1337 760 86 88 0.95 1 3
1337 760 86 88 0.95 1 3
1337 760 86 88 0.95 1 3
1337 760 86 88 0.95 1 3
1337 760 86 88 0.95 1 3
1337 760 86 88 0.95 1 3
1337 760 86 88 0.95 1 3
1337 760 86 88 0.95 1 3
1337 760 86 88 0.95 1 3
1337 760 86 88 0.95 1 3
1337 760 86 88 0.95 1 3
1337 760 86 88 0.95 1 3
1337 760 86 88 0.95 1 3
1337 760 86 88 0.95 1 3
1337 760 86 88 0.95 1 3
1337 760 86 88 0.95 1 3
1337 760 86 88 0.95 1 3
1337 760 86 88 0.95 1 3
1337 760 86 88 0.95 1 3
1337 760 86 88 0.95 1 3
1337 760 86 88 0.95 1 3
1337 760 86 88 0.95 1 3
1337 760 86 88 0.95 1 3
1337 760 86 88 0.95 1 3
1337 760 86 88 0.95 1 3
1337 760 86 88 0.95 1 3
1337 760 86 88 0.95 1 3
1337 760 86 88 0.95 1 3
1337 760 86 88 0.95 1 3
1337 760 86 88 0.95 1 3
1337 760 86 88 0.95 1 3
1337 760 86 88 0.95 1 3
1337 760 86 88 0.95 1 3
1337 760 86 88 0.95 1 3
1337 760 86 88 0.95 1 3
1337 760 86 88 0.95 1 3
1337 760 86 88 0.95 1 3
1337 760 86 88 0.95 1 3
1337 760 86 88 0.95 1 3
1337 760 86 88 0.95 1 3
1337 760 86 88 0.95 1 3
1337 760 86 88 0.95 1 3
1337 760 86 88 0.95 1 3
1337 760 86 88 0.95 1 3
1337 760 86 88 0.95 1 3
1337 760 86 88 0.95 1 3
1337 760 86 88 0.95 1 3
1337 760 86 88 0.95 1 3
1337 760 86 88 0.95 1 3
1337 760 86 88 0.95 1 3
1337 760 86 88 0.95 1 3
1337 760 86 88 0.95 1 3
1337 760 86 88 0.95 1 3
1337 760 86 88 0.95 1 3
1337 760 86 88 0.95 1 3
1337 760 86 88 0.95 1 3
1337 760 86 88 0.95 1 3
1337 760 86 88 0.95 1 3
1337 760 86 88 0.95 1 3
1337 760 86 88 0.95 1 3
1337 760 86 88 0.95 1 3
1337 760 86 88 0.95 1 3
1337 760 86 88 0.95 1 3
1337 760 86 88 0.95 1 3
1337 760 86 88 0.95 1 3
1337 760 86 88 0.95 1 3
1337 760 86 88 0.95 1 3
1337 760 86 88 0.95 1 3
1337 760 86 88 0.95 1 3
1337 760 86 88 0.95 1 3
1337 760 86 88 0.95 1 3
1337 760 86 88 0.95 1 3
1337 760 86 88 0.95 1 3
1337 760 86 88 0.95 1 3
1337 760 86 88 0.95 1 3
1337 760 86 88 0.95 1 3
1337 760 86 88 0.95 1 3
1337 760 86 88 0.95 1 3
1337 760 86 88 0.95 1 3
1337 760 86 88 0.95 1 3
1337 760 86 88 0.95 1 3
1337 760 86 88 0.95 1 3
1337 760 86 88 0.95 1 3
1337 760 86 88 0.95 1 3
1337 760 86 88 0.95 1 3
1337 760 86 88 0.95 1 3
1337 760 86 88 0.95 1 3
1337 760 86 88 0.95 1 3
1337 760 86 88 0.95 1 3
1337 760 86 88 0.95 1 3
1337 760 86 88 0.95 1 3
1337 760 86 88 0.95 1 3
1337 760 86 88 0.95 1 3
1337 760 86 88 0.95 1 3
1337 760 86 88 0.95 1 3
1337 760 86 88 0.95 1 3
1337 760 86 88 0.95 1 3
1337 760 86 88 0.95 1 3
1337 760 86 88 0.95 1 3
1337 760 86 88 0.95 1 3
1337 760 86 88 0.95 1 3
1337 760 86 88 0.95 1 3
1337 760 86 88 0.95 1 3
1337 760 86 88 0.95 1 3
1337 760 86 88 0.95 1 3
1337 760 86 88 0.95 1 3
1337 760 86 88 0.95 1 3
1337 760 86 88 0.95 1 3
1337 760 86 88 0.95 1 3
1337 760 86 88 0.95 1 3
1337 760 86 88 0.95 1 3
1337 760 86 88 0.95 1 3
1337 760 86 88 0.95 1 3
1337 760 86 88 0.95 1 3
1337 760 86 88 0.95 1 3
1337 760 86 88 0.95 1 3
1337 760 86 88 0.95 1 3
1337 760 86 88 0.95 1 3
1337 760 86 88 0.95 1 3
1337 760 86 88 0.95 1 3
1337 760 86 88 0.95 1 3
1337 760 86 88 0.95 1 3
1337 760 86 88 0.95 1 3
1337 760 86 88 0.95 1 3
1337 760 86 88 0.95 1 3
1337 760 86 88 0.95 1 3
1337 760 86 88 0.95 1 3
1337 760 86 88 0.95 1 3
1337 760 86 88 0.95 1 3
1337 760 86 88 0.95 1 3
1337 760 86 88 0.95 1 3
1337 760 86 88 0.95 1 3
1337 760 86 88 0.95 1 3
1337 760 86 88 0.95 1 3
1337 760 86 88 0.95 1 3
1337 760 86 88 0.95 1 3
1337 760 86 88 0.95 1 3
1337 760 86 88 0.95 1 3
1337 760 86 88 0.95 1 3
1337 760 86 88 0.95 1 3
1337 760 86 88 0.95 1 3
1337 760 86 88 0.95 1 3
1337 760 86 88 0.95 1 3
1337 760 86 88 0.95 1 3
1337 760 86 88 0.95 1 3
1337 760 86 88 0.95 1 3
1337 760 86 88 0.95 1 3
1337 760 86 88 0.95 1 3
1337 760 86 88 0.95 1 3
1337 760 86 88 0.95 1 3
1337 760 86 88 0.95 1 3
1337 760 86 88 0.95 1 3
1337 760 86 88 0.95 1 3
1337 760 86 88 0.95 1 3
1337 760 86 88 0.95 1 3
1337 760 86 88 0.95 1 3
1337 760 86 88 0.95 1 3
1337 760 86 88 0.95 1 3
1337 760 86 88 0.95 1 3
1337 760 86 88 0.95 1 3
1337 760 86 88 0.95 1 3
1337 760 86 88 0.95 1 3
1337 760 86 88 0.95 1 3
1337 760 86 88 0.95 1 3
1337 760 86 88 0.95 1 3
1337 760 86 88 0.95 1 3
1337 760 86 88 0.95 1 3
1337 760 86 88 0.95 1 3
1337 760 86 88 0.95 1 3
1337 760 86 88 0.95 1 3
1337 760 86 88 0.95 1 3
1337 760 86 88 0.95 1 3
1337 760 86 88 0.95 1 3
1337 760 86 88 0.95 1 3
1337 760 86 88 0.95 1 3
1337 760 86 88 0.95 1 3
1337 760 86 88 0.95 1 3
1337 760 86 88 0.95 1 3
1337 760 86 88 0.95 1 3
1337 760 86 88 0.95 1 3
1337 760 86 88 0.95 1 3
1337 760 86 88 0.95 1 3
1337 760 86 88 0.95 1 3
1337 760 86 88 0.95 1 3
1337 760 86 88 0.95 1 3
1337 760 86 88 0.95 1 3
1337 760 86 88 0.95 1 3
1337 760 86 88 0.95 1 3
1337 760 86 88 0.95 1 3
1337 760 86 88 0.95 1 3
1337 760 86 88 0.95 1 3
1337 760 86 88 0.95 1 3
1337 760 86 88 0.95 1 3
1337 760 86 88 0.95 1 3
1337 760 86 88 0.95 1 3
1337 760 86 88 0.95 1 3
1337 760 86 88 0.95 1 3
1337 760 86 88 0.95 1 3
1337 760 86 88 0.95 1 3
1337 760 86 88 0.95 1 3
1337 760 86 88 0.95 1 3
1337 760 86 88 0.95 1 3
1337 760 86 88 0.95 1 3
1337 760 86 88 0.95 1 3
1337 760 86 88 0.95 1 3
1337 760 86 88 0.95 1 3
1337 760 86 88 0.95 1 3
1337 760 86 88 0.95 1 3
1337 760 86 88 0.95 1 3
1337 760 86 88 0.95 1 3
1337 760 86 88 0.95 1 3
1337 760 86 88 0.95 1 3
1337 760 86 88 0.95 1 3
1337 760 86 88 0.95 1 3
1337 760 86 88 0.95 1 3
1337 760 86 88 0.95 1 3
1337 760 86 88 0.95 1 3
1337 760 86 88 0.95 1 3
1337 760 86 88 0.95 1 3
1337 760 86 88 0.95 1 3
1337 760 86 88 0.95 1 3
1337 760 86 88 0.95 1 3
1337 760 86 88 0.95 1 3
1337 760 86 88 0.95 1 3
1337 760 86 88 0.95 1 3
1337 760 86 88 0.95 1 3
1337 760 86 88 0.95 1 3
1337 760 86 88 0.95 1 3
1337 760 86 88 0.95 1 3
1337 760 86 88 0.95 1 3
1337 760 86 88 0.95 1 3
1337 760 86 88 0.95 1 3
1337 760 86 88 0.95 1 3
1337 760 86 88 0.95 1 3
1337 760 86 88 0.95 1 3
1337 760 86 88 0.95 1 3
1337 760 86 88 0.95 1 3
1337 760 86 88 0.95 1 3
1337 760 86 88 0.95 1 3
1337 760 86 88 0.95 1 3
1337 760 86 88 0.95 1 3
1337 760 86 88 0.95 1 3
1337 760 86 88 0.95 1 3
1337 760 86 88 0.95 1 3
1337 760 86 88 0.95 1 3
1337 760 86 88 0.95 1 3
1337 760 86 88 0.95 1 3
1337 760 86 88 0.95 1 3
1337 760 86 88 0.95 1 3
1337 760 86 88 0.95 1 3
1337 760 86 88 0.95 1 3
1337 760 86 88 0.95 1 3
1337 760 86 88 0.95 1 3
1337 760 86 88 0.95 1 3
1337 760 86 88 0.95 1 3
1337 760 86 88 0.95 1 3
1337 760 86 88 0.95 1 3
1337 760 86 88 0.95 1 3
1337 760 86 88 0.95 1 3
1337 760 86 88 0.95 1 3
1337 760 86 88 0.95 1 3
1337 760 86 88 0.95 1 3
1337 760 86 88 0.95 1 3
1337 760 86 88 0.95 1 3
1337 760 86 88 0.95 1 3
1337 760 86 88 0.95 1 3
1337 760 86 88 0.95 1 3
1337 760 86 88 0.95 1 3
1337 760 86 88 0.95 1 3
1337 760 86 88 0.95 1 3
1337 760 86 88 0.95 1 3
1337 760 86 88 0.95 1 3
1337 760 86 88 0.95 1 3
1337 760 86 88 0.95 1 3
1337 760 86 88 0.95 1 3
1337 760 86 88 0.95 1 3
1337 760 86 88 0.95 1 3
1337 760 86 88 0.95 1 3
1337 760 86 88 0.95 1 3
1337 760 86 88 0.95 1 3
1337 760 86 88 0.95 1 3
1337 760 86 88 0.95 1 3
1337 760 86 88 0.95 1 3
1337 760 86 88 0.95 1 3
1337 760 86 88 0.95 1 3
1337 760 86 88 0.95 1 3
1337 760 86 88 0.95 1 3
1337 760 86 88 0.95 1 3
1337 760 86 88 0.95 1 3
1337 760 86 88 0.95 1 3
1337 760 86 88 0.95 1 3
1337 760 86 88 0.95 1 3
1337 760 86 88 0.95 1 3
1337 760 86 88 0.95 1 3
1337 760 86 88 0.95 1 3
1337 760 86 88 0.95 1 3
1337 760 86 88 0.95 1 3
1337 760 86 88 0.95 1 3
1337 760 86 88 0.95 1 3
1337 760 86 88 0.95 1 3
1337 760 86 88 0.95 1 3
1337 760 86 88 0.95 1 3
1337 760 86 88 0.95 1 3
1337 760 86 88 0.95 1 3
1337 760 86 88 0.95 1 3
1337 760 86 88 0.95 1 3
1337 760 86 88 0.95 1 3
1337 760 86 88 0.95 1 3
1337 760 86 88 0.95 1 3
1337 760 86 88 0.95 1 3
1337 760 86 88 0.95 1 3
1337 760 86 88 0.95 1 3
1337 760 86 88 0.95 1 3
1337 760 86 88 0.95 1 3
1337 760 86 88 0.95 1 3
1337 760 86 88 0.95 1 3
1337 760 86 88 0.95 1 3
1337 760 86 88 0.95 1 3
1337 760 86 88 0.95 1 3
1337 760 86 88 0.95 1 3
1337 760 86 88 0.95 1 3
1337 760 86 88 0.95 1 3
1337 760 86 88 0.95 1 3
1337 760 86 88 0.95 1 3
1337 760 86 88 0.95 1 3
1337 760 86 88 0.95 1 3
1337 760 86 88 0.95 1 3
1337 760 86 88 0.95 1 3
1337 760 86 88 0.95 1 3
1337 760 86 88 0.95 1 3
1337 760 86 88 0.95 1 3
1337 760 86 88 0.95 1 3
1337 760 86 88 0.95 1 3
1337 760 86 88 0.95 1 3
1337 760 86 88 0.95 1 3
1337 760 86 88 0.95 1 3
1337 760 86 88 0.95 1 3
1337 760 86 88 0.95 1 3
1337 760 86 88 0.95 1 3
1337 760 86 88 0.95 1 3
1337 760 86 88 0.95 1 3
1337 760 86 88 0.95 1 3
1337 760 86 88 0.95 1 3
1337 760 86 88 0.95 1 3
1337 760 86 88 0.95 1 3
1337 760 86 88 0.95 1 3
1337 760 86 88 0.95 1 3
1337 760 86 88 0.95 1 3
1337 760 86 88 0.95 1 3
1337 760 86 88 0.95 1 3
1337 760 86 88 0.95 1 3
1337 760 86 88 0.95 1 3
1337 760 86 88 0.95 1 3
1337 760 86 88 0.95 1 3
1337 760 86 88 0.95 1 3
1337 760 86 88 0.95 1 3
1337 760 86 88 0.95 1 3
1337 760 86 88 0.95 1 3
1337 760 86 88 0.95 1 3
1337 760 86 88 0.95 1 3
1337 760 86 88 0.95 1 3
1337 760 86 88 0.95 1 3
1337 760 86 88 0.95 1 3
1337 760 86 88 0.95 1 3
1337 760 86 88 0.95 1 3
1337 760 86 88 0.95 1 3
1337 760 86 88 0.95 1 3
1337 760 86 88 0.95 1 3
1337 760 86 88 0.95 1 3
1337 760 86 88 0.95 1 3
1337 760 86 88 0.95 1 3
1337 760 86 88 0.95 1 3
1337 760 86 88 0.95 1 3
1337 760 86 88 0.95 1 3
1337 760 86 88 0.95 1 3
1337 760 86 88 0.95 1 3
1337 760 86 88 0.95 1 3
1337 760 86 88 0.95 1 3
1337 760 86 88 0.95 1 3
1337 760 86 88 0.95 1 3
1337 760 86 88 0.95 1 3
1337 760 86 88 0.95 1 3
1337 760 86 88 0.95 1 3
1337 760 86 88 0.95 1 3
1337 760 86 88 0.95 1 3
1337 760 86 88 0.95 1 3
1337 760 86 88 0.95 1 3
1337 760 86 88 0.95 1 3
1337 760 86 88 0.95 1 3
1337 760 86 88 0.95 1 3
1337 760 86 88 0.95 1 3
1337 760 86 88 0.95 1 3
1337 760 86 88 0.95 1 3
1337 760 86 88 0.95 1 3
1337 760 86 88 0.95 1 3
1337 760 86 88 0.95 1 3
1337 760 86 88 0.95 1 3
1337 760 86 88 0.95 1 3
1337 760 86 88 0.95 1 3
1337 760 86 88 0.95 1 3
1337 760 86 88 0.95 1 3
1337 760 86 88 0.95 1 3
1337 760 86 88 0.95 1 3
1337 760 86 88 0.95 1 3
1337 760 86 88 0.95 1 3
1337 760 86 88 0.95 1 3
1337 760 86 88 0.95 1 3
1337 760 86 88 0.95 1 3
1337 760 86 88 0.95 1 3
1337 760 86 88 0.95 1 3
1337 760 86 88 0.95 1 3
1337 760 86 88 0.95 1 3
1337 760 86 88 0.95 1 3
1337 760 86 88 0.95 1 3
1337 760 86 88 0.95 1 3
1337 760 86 88 0.95 1 3
1337 760 86 88 0.95 1 3
1337 760 86 88 0.95 1 3
1337 760 86 88 0.95 1 3
1337 760 86 88 0.95 1 3
1337 760 86 88 0.95 1 3
1337 760 86 88 0.95 1 3
1337 760 86 88 0.95 1 3
1337 760 86 88 0.95 1 3
1337 760 86 88 0.95 1 3
1337 760 86 88 0.95 1 3
1337 760 86 88 0.95 1 3
1337 760 86 88 0.95 1 3
1337 760 86 88 0.95 1 3
1337 760 86 88 0.95 1 3
1337 760 86 88 0.95 1 3
1337 760 86 88 0.95 1 3
1337 760 86 88 0.95 1 3
1337 760 86 88 0.95 1 3
1337 760 86 88 0.95 1 3
1337 760 86 88 0.95 1 3
1337 760 86 88 0.95 1 3
1337 760 86 88 0.95 1 3
1337 760 86 88 0.95 1 3
1337 760 86 88 0.95 1 3
1337 760 86 88 0.95 1 3
1337 760 86 88 0.95 1 3
1337 760 86 88 0.95 1 3
1337 760 86 88 0.95 1 3
1337 760 86 88 0.95 1 3
1337 760 86 88 0.95 1 3
1337 760 86 88 0.95 1 3
1337 760 86 88 0.95 1 3
1337 760 86 88 0.95 1 3
1337 760 86 88 0.95 1 3
1337 760 86 88 0.95 1 3
1337 760 86 88 0.95 1 3
1337 760 86 88 0.95 1 3
1337 760 86 88 0.95 1 3
1337 760 86 88 0.95 1 3
1337 760 86 88 0.95 1 3
1337 760 86 88 0.95 1 3
1337 760 86 88 0.95 1 3
1337 760 86 88 0.95 1 3
1337 760 86 88 0.95 1 3
1337 760 86 88 0.95 1 3
1337 760 86 88 0.95 1 3
1337 760 86 88 0.95 1 3
1337 760 86 88 0.95 1 3
1337 760 86 88 0.95 1 3
1337 760 86 88 0.95 1 3
1337 760 86 88 0.95 1 3
1337 760 86 88 0.95 1 3
1337 760 86 88 0.95 1 3
1337 760 86 88 0.95 1 3
1337 760 86 88 0.95 1 3
1337 760 86 88 0.95 1 3
1337 760 86 88 0.95 1 3
1337 760 86 88 0.95 1 3
1337 760 86 88 0.95 1 3
1337 760 86 88 0.95 1 3
1337 760 86 88 0.95 1 3
1337 760 86 88 0.95 1 3
1337 760 86 88 0.95 1 3
1337 760 86 88 0.95 1 3
1337 760 86 88 0.95 1 3
1337 760 86 88 0.95 1 3
1337 760 86 88 0.95 1 3
1337 760 86 88 0.95 1 3
1337 760 86 88 0.95 1 3
1337 760 86 88 0.95 1 3
1337 760 86 88 0.95 1 3
1337 760 86 88 0.95 1 3
1337 760 86 88 0.95 1 3
1337 760 86 88 0.95 1 3
1337 760 86 88 0.95 1 3
1337 760 86 88 0.95 1 3
1337 760 86 88 0.95 1 3
1337 760 86 88 0.95 1 3
1337 760 86 88 0.95 1 3
1337 760 86 88 0.95 1 3
1337 760 86 88 0.95 1 3
1337 760 86 88 0.95 1 3
1337 760 86 88 0.95 1 3
1337 760 86 88 0.95 1 3
1337 760 86 88 0.95 1 3
1337 760 86 88 0.95 1 3
1337 760 86 88 0.95 1 3
1337 760 86 88 0.95 1 3
1337 760 86 88 0.95 1 3
1337 760 86 88 0.95 1 3
1337 760 86 88 0.95 1 3
1337 760 86 88 0.95 1 3
1337 760 86 88 0.95 1 3
1337 760 86 88 0.95 1 3
1337 760 86 88 0.95 1 3
1337 760 86 88 0.95 1 3
1337 760 86 88 0.95 1 3
1337 760 86 88 0.95 1 3
1337 760 86 88 0.95 1 3
1337 760 86 88 0.95 1 3
1337 760 86 88 0.95 1 3
1337 760 86 88 0.95 1 3
1337 760 86 88 0.95 1 3
1337 760 86 88 0.95 1 3
1337 760 86 88 0.95 1 3
1337 760 86 88 0.95 1 3
1337 760 86 88 0.95 1 3
1337 760 86 88 0.95 1 3
1337 760 86 88 0.95 1 3
1337 760 86 88 0.95 1 3
1337 760 86 88 0.95 1 3
1337 760 86 88 0.95 1 3
1337 760 86 88 0.95 1 3
1337 760 86 88 0.95 1 3
1337 760 86 88 0.95 1 3
1337 760 86 88 0.95 1 3
1337 760 86 88 0.95 1 3
1337 760 86 88 0.95 1 3
1337 760 86 88 0.95 1 3
1337 760 86 88 0.95 1 3
1337 760 86 88 0.95 1 3
1337 760 86 88 0.95 1 3
1337 760 86 88 0.95 1 3
1337 760 86 88 0.95 1 3
1337 760 86 88 0.95 1 3
1337 760 86 88 0.95 1 3
1337 760 86 88 0.95 1 3
1337 760 86 88 0.95 1 3
1337 760 86 88 0.95 1 3
1337 760 86 88 0.95 1 3
1337 760 86 88 0.95 1 3
1337 760 86 88 0.95 1 3
1337 760 86 88 0.95 1 3
1337 760 86 88 0.95 1 3
1337 760 86 88 0.95 1 3
1337 760 86 88 0.95 1 3
1337 760 86 88 0.95 1 3
1337 760 86 88 0.95 1 3
1337 760 86 88 0.95 1 3
1337 760 86 88 0.95 1 3
1337 760 86 88 0.95 1 3
1337 760 86 88 0.95 1 3
1337 760 86 88 0.95 1 3
1337 760 86 88 0.95 1 3
1337 760 86 88 0.95 1 3
1337 760 86 88 0.95 1 3
1337 760 86 88 0.95 1 3
1337 760 86 88 0.95 1 3
1337 760 86 88 0.95 1 3
1337 760 86 88 0.95 1 3
1337 760 86 88 0.95 1 3
1337 760 86 88 0.95 1 3
1337 760 86 88 0.95 1 3
1337 760 86 88 0.95 1 3
1337 760 86 88 0.95 1 3
1337 760 86 88 0.95 1 3
1337 760 86 88 0.95 1 3
1337 760 86 88 0.95 1 3
1337 760 86 88 0.95 1 3
1337 760 86 88 0.95 1 3
1337 760 86 88 0.95 1 3
1337 760 86 88 0.95 1 3
1337 760 86 88 0.95 1 3
1337 760 86 88 0.95 1 3
1337 760 86 88 0.95 1 3
1337 760 86 88 0.95 1 3
1337 760 86 88 0.95 1 3
1337 760 86 88 0.95 1 3
1337 760 86 88 0.95 1 3
1337 760 86 88 0.95 1 3
1337 760 86 88 0.95 1 3
1337 760 86 88 0.95 1 3
1337 760 86 88 0.95 1 3
1337 760 86 88 0.95 1 3
1337 760 86 88 0.95 1 3
1337 760 86 88 0.95 1 3
1337 760 86 88 0.95 1 3
1337 760 86 88 0.95 1 3
1337 760 86 88 0.95 1 3
1337 760 86 88 0.95 1 3
1337 760 86 88 0.95 1 3
1337 760 86 88 0.95 1 3
1337 760 86 88 0.95 1 3
1337 760 86 88 0.95 1 3
1337 760 86 88 0.95 1 3
1337 760 86 88 0.95 1 3
1337 760 86 88 0.95 1 3
1337 760 86 88 0.95 1 3
1337 760 86 88 0.95 1 3
1337 760 86 88 0.95 1 3
1337 760 86 88 0.95 1 3
1337 760 86 88 0.95 1 3
1337 760 86 88 0.95 1 3
1337 760 86 88 0.95 1 3
1337 760 86 88 0.95 1 3
1337 760 86 88 0.95 1 3
1337 760 86 88 0.95 1 3
1337 760 86 88 0.95 1 3
1337 760 86 88 0.95 1 3
1337 760 86 88 0.95 1 3
1337 760 86 88 0.95 1 3
1337 760 86 88 0.95 1 3
1337 760 86 88 0.95 1 3
1337 760 86 88 0.95 1 3
1337 760 86 88 0.95 1 3
1337 760 86 88 0.95 1 3
1337 760 86 88 0.95 1 3
1337 760 86 88 0.95 1 3
1337 760 86 88 0.95 1 3
1337 760 86 88 0.95 1 3
1337 760 86 88 0.95 1 3
1337 760 86 88 0.95 1 3
1337 760 86 88 0.95 1 3
1337 760 86 88 0.95 1 3
1337 760 86 88 0.95 1 3
1337 760 86 88 0.95 1 3
1337 760 86 88 0.95 1 3
1337 760 86 88 0.95 1 3
1337 760 86 88 0.95 1 3
1337 760 86 88 0.95 1 3
1337 760 86 88 0.95 1 3
1337 760 86 88 0.95 1 3
1337 760 86 88 0.95 1 3
1337 760 86 88 0.95 1 3
1337 760 86 88 0.95 1 3
1337 760 86 88 0.95 1 3
1337 760 86 88 0.95 1 3
1337 760 86 88 0.95 1 3
1337 760 86 88 0.95 1 3
1337 760 86 88 0.95 1 3
1337 760 86 88 0.95 1 3
1337 760 86 88 0.95 1 3
1342 745 80 101 0.95 0 4
1342 745 80 101 0.95 0 4
1342 745 80 101 0.95 0 4
1342 745 80 101 0.95 0 4
1342 745 80 101 0.95 0 4
1342 745 80 101 0.95 0 4
1342 745 80 101 0.95 0 4
1342 745 80 101 0.95 0 4
1342 745 80 101 0.95 0 4
1342 745 80 101 0.95 0 4
1342 745 80 101 0.95 0 4
1342 745 80 101 0.95 0 4
1342 745 80 101 0.95 0 4
1340 730 79 118 0.95 0 4
1340 730 79 118 0.95 0 4
1340 730 79 118 0.95 0 4
1340 730 79 118 0.95 0 4
1340 730 79 118 0.95 0 4
1340 730 79 118 0.95 0 4
1340 730 79 118 0.95 0 4
1340 730 79 118 0.95 0 4
1340 730 79 118 0.95 0 4
1340 730 79 118 0.95 0 4
1340 730 79 118 0.95 0 4
1340 730 79 118 0.95 0 4
1340 730 79 118 0.95 0 4
1339 724 80 124 0.95 0 4
1339 724 80 124 0.95 0 4
1339 724 80 124 0.95 0 4
1339 724 80 124 0.95 0 4
1339 724 80 124 0.95 0 4
1339 724 80 124 0.95 0 4
1339 724 80 124 0.95 0 4
1339 724 80 124 0.95 0 4
1339 724 80 124 0.95 0 4
1339 724 80 124 0.95 0 4
1339 724 80 124 0.95 0 4
1339 724 80 124 0.95 0 4
1339 724 80 124 0.95 0 4
1333 724 83 121 0.95 0 4
1333 724 83 121 0.95 0 4
1333 724 83 121 0.95 0 4
1333 724 83 121 0.95 0 4
1333 724 83 121 0.95 0 4
1333 724 83 121 0.95 0 4
1333 724 83 121 0.95 0 4
1333 724 83 121 0.95 0 4
1333 724 83 121 0.95 0 4
1333 724 83 121 0.95 0 4
1333 724 83 121 0.95 0 4
1333 724 83 121 0.95 0 4
1333 724 83 121 0.95 0 4
1333 721 83 121 0.95 0 4
1333 721 83 121 0.95 0 4
1333 721 83 121 0.95 0 4
1333 721 83 121 0.95 0 4
1333 721 83 121 0.95 0 4
1333 721 83 121 0.95 0 4
1333 721 83 121 0.95 0 4
1333 721 83 121 0.95 0 4
1333 721 83 121 0.95 0 4
1333 721 83 121 0.95 0 4
1333 721 83 121 0.95 0 4
1333 721 83 121 0.95 0 4
1333 721 83 121 0.95 0 4
1333 697 81 148 0.95 4 5
1333 697 81 148 0.95 4 5
1333 697 81 148 0.95 4 5
1333 697 81 148 0.95 4 5
1333 697 81 148 0.95 4 5
1333 697 81 148 0.95 4 5
1333 697 81 148 0.95 4 5
1333 697 81 148 0.95 4 5
1333 697 81 148 0.95 4 5
1333 697 81 148 0.95 4 5
1333 697 81 148 0.95 4 5
1333 697 81 148 0.95 4 5
1333 697 81 148 0.95 4 5
1333 682 84 158 0.95 4 5
1333 682 84 158 0.95 4 5
1333 682 84 158 0.95 4 5
1333 682 84 158 0.95 4 5
1333 682 84 158 0.95 4 5
1333 682 84 158 0.95 4 5
1333 682 84 158 0.95 4 5
1333 682 84 158 0.95 4 5
1333 682 84 158 0.95 4 5
1333 682 84 158 0.95 4 5
1333 682 84 158 0.95 4 5
1333 682 84 158 0.95 4 5
1333 682 84 158 0.95 4 5













